# Created by Octave 5.2.0, Sat Apr 25 09:06:03 2020 GMT <unknown@User-PC>
# name: Closest
# type: matrix
# rows: 4
# columns: 4
 0 0 0 0
 3.1802720837502561 3.1366662393078983 3.1366662393078983 3.2567944593216231
 3.2567944593216231 3.2765333555448386 3.1802720837502561 3.2765333555448386
 3.3387486117834375 3.3387486117834375 3.3926027368191463 3.3926027368191463


# name: Particles
# type: matrix
# rows: 4
# columns: 3
 1.9461194005818592 0.032382075351286552 -0.45996812919467528
 -0.43368931222511536 1.0298361789616759 1.6587196945124036
 -0.38909394298424976 -1.8919772525157257 0.51867907177368855
 -1.0468317705500501 0.7192880023510474 -1.5449168307196628


# name: c
# type: scalar
20


# name: check1
# type: scalar
10


# name: check2
# type: scalar
50


# name: checkval1
# type: scalar
0


# name: convval
# type: matrix
# rows: 4
# columns: 263
 8.4212422428180833 5.5323608891701914 5.7581880876298932 5.4500353163625626 6.0727331971416829 10.164745237654724 0.86133936100317254 2.3217471073429121 2.6160536960720457 2.9483983901962851 3.1333136831670076 2.1333422773395365 2.1398799184054278 2.4398258121579701 0.8081787893764063 0.97944239719906356 1.6108397331227025 1.867486878043596 1.0679728591180224 2.3578146716239319 1.0189798248481921 1.4974293971237425 2.7670496658107084 2.1865158976054668 1.2681447792834164 1.2715046250400099 1.5850117701744586 0.45920717662847232 0.45901519874905927 0.55056563289221716 0.76241187418251832 1.0089524363041109 1.1932738015971351 0.903796423450695 0.72895721329398533 0.64107013666328638 0.7047723279117456 0.64411975568432367 0.35978038077815055 0.69477991787730675 0.88677161182361908 0.79412462342351609 0.39087866479061584 0.74011555377444982 1.0787745620265863 1.1365697358680149 1.0906246009763718 0.7460201630375628 1.3099170430007578 1.8454945970452836 1.6752179169098116 0.78350804406176933 0.41219524904685789 0.89167947437643469 1.4863785195068637 1.6212681738569106 0.12302660527916542 0.34301632604735122 0.88916696740989543 1.1779660898424185 1.0657273407251231 0.51567947824791049 0.1596628689958644 0.570103708227363 0.66191023675631488 0.56103637391582728 0.43572334583218553 0.27027991892679171 0.34400088123245148 0.41525971424686858 0.44758996740407264 0.35018211883184314 0.11378666150089758 0.39979385391421818 0.69573464622577064 0.70488241113280881 0.48451524082064246 0.14713841513530621 0.25838624257186477 0.66224849592714197 0.9823220227166346 1.060095331526224 0.75398174559659492 0.077245356696474365 0.86660303803366268 1.6527662597687591 1.448320035993655 0.54948550974195953 0.33924201096692769 0.9082084446372225 1.0849144488236424 0.9285476168672876 0.66310252964535721 0.40201447275650321 0.41565601482983988 0.74611204403095555 0.93779607135419218 0.72302759764131752 0.30598298728986606 0.53600080141174677 0.76379589939136805 0.58152726522549403 0.16826088523476662 0.46875307332327965 0.71585216686519271 0.24857991831533768 0.24947392613472574 0.37817040514823858 0.35027782938369639 0.38544193318824771 0.52327248795180792 0.55731253717468432 0.42685847443500874 0.2343474565815207 0.41180946632157145 0.70834144705363167 0.83301153853086718 0.49691695328348262 0.3359061410244884 0.40781582195210481 0.94052379223518356 1.0995325413859052 0.73163314248906608 0.23971123780996378 0.43335909984550797 0.73768218205454428 0.89331598176534455 0.80512506635314807 0.45612423264718371 0.60254819535117865 0.78619741254520137 0.81132498322904156 0.50492539050118757 0.38612179780351019 0.63581781448210017 0.64806238691662599 0.4005998672875517 0.37004487787517604 0.60920781999099216 0.64619641721115773 0.21056047739504072 0.21132049193916208 0.38889372367575226 0.46452995105862382 0.4084797260614893 0.30655440789385235 0.30142178929294061 0.36402553063231441 0.44585842081697302 0.52783051024886707 0.52829198683829837 0.47554317648921413 0.46313269723390715 0.29888609086591611 0.45164395280552805 0.70035729928337676 0.70689961012980851 0.43409525336091448 0.45077995927696551 0.65088925286120292 0.8180064700084585 0.17139067167131805 0.1730441156368237 0.54082786116112014 0.69715651753259078 0.56768026170827235 0.32422330467994598 0.35866812833531592 0.48843914836669744 0.51058439969979208 0.4915259087438853 0.45717303573513368 0.41445928267966059 0.43682340129853631 0.44302149479356662 0.33415517115022575 0.29624258893805139 0.45572390522660344 0.51594332403769749 0.22238900734122646 0.22348911701966284 0.41979889010625759 0.46237483755913739 0.24545655810188635 0.24609598418105477 0.32567863570258959 0.30724340602957667 0.27888396193672743 0.34214652304949922 0.38860439960730792 0.31191425625379404 0.1805339347769134 0.31299810222501401 0.48644440126145322 0.49954356520221838 0.34368816671216196 0.10882005904887883 0.24487188497215567 0.45755221558702991 0.51578323894386413 0.39710107408643414 0.19243130243488918 0.21298054120225351 0.40982235079933405 0.5195223897230391 0.46426915165268851 0.27963306167358765 0.40728937558752348 0.46960194110018583 0.40990293346905893 0.28070619516177353 0.34142017190365892 0.43061716805648886 0.22914479006553709 0.21696747059778596 0.30945368048878918 0.39917382063238604 0.13728248238020849 0.136872293320835 0.18522518076310229 0.35640344183151673 0.40160092318250473 0.29098752949875417 0.19308795278772126 0.27084230779112506 0.33877496117270578 0.31919546266816068 0.25520410227539109 0.27229802404113418 0.29420595181861231 0.24955836252510133 0.22307229953488658 0.30893579966266704 0.3770334706758996 0.32064212988173252 0.14511911473539021 0.19240884857665538 0.40207756165257219 0.46969403859346004 0.34899370199953078 0.36499741704240557 0.38927339774089759 0.43587791558847294 0.33102613288501637 0.18277683050572799 0.22789782815106036 0.35608374731710424 0.40845462821637596 0.35287065311297877 0.24118031201236512 0.26326956150039355 0.37555465420071477 0.37988096138464889 0.25627035628579176 0.22374267629622635 0.36027056723609913 0.39731116549295242 0.1202054271051379 0.13956609752442367 0.27804266760895902 0.35353634199987832 0.025096490583144528 0.025464091612456646
 44.897170581557219 5.165666697183684 5.2765596398782622 7.507633508667058 1.5336530012746767 1.6993187841182353 1.788980055656431 2.4945534961935136 2.1620191893918697 1.9342292935480621 3.1306363002284021 2.3019148587666356 2.3053220372428957 1.9096060029684174 3.273502950629557 4.0513877450356892 1.317005895391637 1.1325655727786246 1.3919550943347525 1.0485324666607452 0.93915940619485849 1.0494382509739841 1.0777164721064303 1.3635207981688124 0.90201378204061877 0.90612856659614249 1.5840464263565019 0.80295396906011784 0.80688148325699083 1.8245216433449207 1.5997066868520204 0.55125207571467794 1.1453198298511849 1.9056415999625369 0.84411867555023312 0.66106198275478245 0.87718687706423559 1.7025070329055767 1.7817395769136875 0.29619948419036185 0.53583774769446246 1.0557032108162077 1.4683001919706717 1.4060825623958124 0.63133082929217665 0.41043323637144441 0.89506022385734374 0.86367933573267475 0.18808142699129654 0.12069832331771624 0.23212645450615094 0.19588232200137726 0.072358576593419821 0.27634770099492117 0.42842169647491141 0.43420692442720232 0.5943612775146162 0.77935686672782556 0.91462215803952063 0.57700813137134244 0.2174557830123976 1.1005060320482365 1.4917996083180336 1.0792140148290252 0.42326975367357589 0.30742388022721273 0.97470626403644045 1.3725864341660408 0.81745040554353943 0.6306405713500367 0.37408194823489388 1.0004149719204931 1.6612298434223776 1.3960390448534477 0.48098937381477525 0.36823336320023176 0.93495667116351844 1.1033536914752511 0.81821669208046888 0.30126597231709412 0.35390900921935764 0.56673687909073511 0.50056683294459547 0.34774771168610463 0.27655174879256694 0.26039858686745188 0.29102756481845654 0.32969182582745277 0.27992400197875261 0.16742206072352817 0.25988786674069231 0.42292703010483812 0.52752898927842218 0.63594711702045514 0.75476267269913977 0.65797185289438531 0.28196992641160257 0.65153887766983654 1.1686244677106479 1.0819803870805424 0.55043287686245601 0.10553318572412444 0.52237110146927912 0.88505770966026243 1.0471995925614173 0.15296947656287829 0.15537153207690862 0.78961866889637267 1.1828702736753265 0.96917244257606283 0.40587340553660289 0.49863848784551618 0.78594417877659573 0.7412281753346438 0.59904887968930909 0.62051846023995394 0.59338376727405839 0.43334346782497191 0.45855422401376822 0.40911147671813541 0.38454778373247739 0.47120987879355297 0.50274476594439554 0.34032307104898907 0.051492474949395788 0.38568310560066116 0.64409187123949396 0.62732382817975307 0.3886891467492517 0.49951673193643847 0.52664672742637164 0.39221370890971335 0.42958286092453463 0.64816802730811696 0.67354820036725438 0.43653913105051317 0.12009237169792471 0.44617060223890087 0.76523707703786092 0.82676461668812529 0.29976530595319589 0.30161815977160988 0.71338351630421082 0.84555524850548958 0.607707144870691 0.30523181907301217 0.4221296849642901 0.58389144194538589 0.65027007544142834 0.65108260602075008 0.53267735006396699 0.59127134657712233 0.62800898204367861 0.52422305705545846 0.38156232846136101 0.52116949301103455 0.63771708969375906 0.50244410961345298 0.3537405657490611 0.5357957430276723 0.68512828685340421 0.14362964368617048 0.14480430454564427 0.38546894110412588 0.4766394800416251 0.40700844436427869 0.27813800244695458 0.29248488769255016 0.36794392855510122 0.37338292243648979 0.38552889750003172 0.43233068315174517 0.45482974650035918 0.43760800798352734 0.34214409264445728 0.21518895553471887 0.35972003114353701 0.5561005477088774 0.55686603651046085 0.31967218131282044 0.32077189379733412 0.51464151261688695 0.5560235690971399 0.32993687599681865 0.33089391074337282 0.46903860128672398 0.44207054983344501 0.33664041842970999 0.36901166794938717 0.43754047112882344 0.38551051362431643 0.28923483306784026 0.36061214827782678 0.47485284714213977 0.46977670206210059 0.36092408204100374 0.2333402770485303 0.24843348761969053 0.39627669039521457 0.47398126304604826 0.39339271329024267 0.17347306138377214 0.12059478214850994 0.34861410953976524 0.45670175696226878 0.39998932688729855 0.22477840131397203 0.29037996576173408 0.34013969678321854 0.31528802048795912 0.24397203075313259 0.27682916888403752 0.33623623998652569 0.15172255308599369 0.15820349275132833 0.30213178702147114 0.402034734151684 0.03545842118888673 0.035798838869478003 0.24447633411610326 0.38507377342571086 0.37787558015462885 0.25588764526110125 0.26364273317050779 0.32676711721153917 0.38232911096621519 0.36484109276523824 0.29558563508194829 0.37848847701097399 0.41780411296756653 0.34964711569955548 0.26323956338134458 0.36331192858699546 0.4556944938876038 0.39516707894548925 0.22415507239038424 0.22994734970167907 0.40416059254453557 0.47019348519601273 0.38324762817361507 0.30233797273284718 0.32724617460295352 0.41951557653589133 0.36259837873269229 0.1761723666517945 0.097145840894674304 0.28174386989951988 0.36189324236861425 0.31473789522584344 0.19424989165967069 0.15809881469216161 0.23284744258122217 0.25193073048050546 0.1996739067552315 0.18078610737996054 0.24541919359575043 0.2626335933268869 0.058988770463520961 0.12081594420766445 0.26395538056828899 0.31926368136682376 0.13102552572581461 0.13169560664721749
 3.7926295904913676 4.0399244239333738 4.797797483308373 3.0468044729345825 1.121318442551132 1.3047676932950598 1.3765331626392352 1.4829501160347234 1.471182195776263 1.6953466876276577 1.980675303552812 1.8174648787176402 1.819791319313079 1.6090511705235531 2.9374962698078542 3.696608482923021 0.82447824065620845 1.629959986179454 1.4216130476069428 0.79592700686911366 0.80601012905316105 1.0652447960534388 1.6949163373456557 1.3623026638526505 1.0071740235633393 1.0103432793706988 1.4805221479634689 0.67124255479589934 0.67442709904144871 1.5616690716992789 1.2544465791748793 0.59662691588334293 1.2479083755033047 1.4017506856404085 0.68047569979501144 0.4810747472647367 0.62647876204300568 1.400726168476399 1.433475700174365 0.45532485820169349 0.6368850691126372 0.79415702380992159 0.88120801434109386 0.98266303676946676 0.81944843590350414 0.43365786256253913 0.41988307204713793 0.47270166241345635 0.39748442493453101 0.40577816184932874 0.46608427549430048 0.49739832081515895 0.38045118615428508 0.25484908644885107 0.79543875791445495 1.0750462241870227 0.58804241740506646 0.73592115262540758 0.81438990343619011 0.54797768911933831 0.50490413631747821 1.1276836009512385 1.3365680525616459 0.75356740412900514 0.13652047153235672 0.58517299652967603 0.89347058842342242 0.94648601987914971 0.65444038923275638 0.54603369483234399 0.20725593492628114 0.75588073275539314 1.394226419730036 1.1442237317206092 0.32707105717969509 0.34394173200702505 0.65555594523607652 0.68802529230945964 0.54928473411928169 0.34050063424169164 0.14331223794410419 0.018967838203448283 0.10114557712361934 0.23071296216060497 0.36247538428324344 0.41430210405175538 0.34748551363148888 0.19363581414704095 0.22017228633202726 0.41649547168875228 0.38154008933506339 0.21461816431458461 0.50824598564134527 0.69021553293449767 0.62062138967169855 0.34697019550105374 0.14732049172661474 0.69544871138079223 1.0714330751006103 0.93004858795064371 0.59703815859786535 0.39764888069898546 0.5168281889867733 0.8948044996162402 1.0664013244623385 0.1888054842729035 0.19069097373523652 0.69079062382221579 1.0063362085948071 0.83017833644644379 0.34743376342615112 0.20465087833304615 0.43090193779986402 0.55047093777281841 0.59699625304123138 0.51668374013512808 0.23989835737057597 0.31882423949191191 0.37935337165343369 0.36471004201314655 0.27080805641619743 0.1391330624544441 0.097075069396298341 0.20522406221091402 0.23944798220128077 0.11000405351907831 0.19829916193100849 0.41783563181303085 0.44497451351322781 0.17059328181446642 0.08268651465906586 0.16461036598172307 0.43702497953123653 0.64363459688002012 0.68767603091495033 0.49486427177567999 0.10731043683019076 0.52320137700541902 0.90201925318194731 0.91355428930290683 0.34573644984137897 0.34741505161495134 0.68420374382180749 0.78151891425450515 0.59462192333315367 0.27706424992227613 0.1745634942407662 0.45660234732768595 0.68470907671177239 0.71189390795991492 0.45430735518453025 0.50102200168491162 0.54886222371003079 0.49333267667733355 0.28301347376402336 0.091144605087388433 0.14683637770908775 0.19679103822458308 0.14127976804571582 0.15512731753815873 0.17758517317083661 0.074076149748993458 0.073967106485360742 0.025126323501946875 0.045805445628154688 0.15759230524395001 0.2981794383073133 0.40084165763657648 0.35840358576451481 0.11390359234191166 0.26346887942571595 0.54555724959881269 0.59780870286617349 0.4387413642748918 0.16886224134943489 0.14765277961665518 0.43180400696626847 0.61520468113530413 0.61229964002496151 0.35839914082566721 0.35986618608677207 0.6177500621959493 0.65484432336881149 0.27873884529419746 0.27996638740644336 0.46267003321382866 0.45243603748231498 0.30036864072024533 0.11414838664805836 0.11965593600433998 0.23514347733742305 0.29776196241983433 0.28460240654788826 0.18548582234320735 0.077332747752674472 0.15063659504072877 0.18447665068928737 0.13294906788156771 0.058292380686513053 0.086059690185801174 0.14555877041604615 0.18118622518693611 0.17071608430925578 0.08430369486930453 0.095798705293432984 0.25489075077400775 0.32685469467972877 0.16908787427402799 0.10368419998309485 0.083246241665724405 0.27644841521730423 0.43090062842603644 0.46543287370337005 0.030222115168584678 0.15763284270928035 0.45168592550405878 0.57586428302344672 0.058547920843177566 0.059623138587945067 0.3194681863368089 0.47269449383198886 0.4682119408662021 0.31182251376773629 0.2196242822356253 0.34040553053377914 0.46956770862483171 0.43157104195663704 0.23094964516609018 0.29422706957621636 0.37077672141990775 0.35781867234790093 0.2230421293675475 0.089682429224062804 0.13825097839951161 0.20008398471911243 0.2004567777849218 0.14787359841901124 0.078886464610817206 0.096354081490506172 0.14235714098701399 0.036695808188998244 0.035996158947533344 0.068509366588253379 0.12988650539637911 0.1921935678919976 0.22442726555906639 0.18108709394178144 0.064929946576199993 0.16777592163567961 0.30433999550555724 0.33441592319919222 0.25282189147512052 0.091445128642963044 0.11322859888478587 0.30790094051470768 0.42741208419664228 0.40382250644836293 0.071982049737136899 0.21610678314489953 0.43283439388807138 0.4862458316706193 0.15217065127538454 0.15309019471344892
 49.993148131977442 9.3714144339216165 10.136972406973804 8.7317049326076912 6.1207921450520093 10.353861983003616 1.2775705263245303 2.2612397494349921 2.9438117398952888 2.6981755293524969 3.6558624627345258 2.1019896017844295 2.1104164229865012 2.7615200569362064 1.0336262733046349 1.2223599359058988 2.1120459526266422 2.2911142130458337 0.60774160076497996 2.133644675550519 1.1428274982837261 1.4477047114224513 1.8871684968799165 1.4646523050243174 0.92160202815795611 0.92429202063194249 1.1822045861651698 0.54247810850653733 0.5428651706452523 0.58177487069373179 0.53592684028298943 0.47337420409312941 0.90407545494664432 1.2889571938320821 0.43750076108482644 0.62007059157273836 0.75769311002003259 0.79011238965270758 0.6650689643497063 0.70075925707542996 0.77230481954917007 0.64189240995349717 0.94336707155263311 1.2613990381855038 0.9678303119941547 0.81448599491048201 0.9787687066532671 0.88431369876782118 1.1720276118565991 1.6592726175216423 1.4008379406864073 0.37449351929024471 0.42001945241734068 0.8548284795197284 1.0491566844686613 0.97586337916418731 0.18488973980315856 0.088932140868783302 0.46959948493401532 0.85715950538486751 0.8883968368373949 0.50308359928706881 0.29213179024634683 0.5139095085539751 0.53088024218874219 0.31005375415757741 0.45817375880844757 0.73512833146836221 0.16808409521224044 0.22849461224642359 0.4114576340614674 0.37929478250532461 0.37959925251241722 0.60705609509054836 0.7407381308022456 0.5824650286556915 0.40170882379278477 0.55606356408814939 0.58743334868590569 0.6125830243652568 0.8278575097977382 0.92232172729310036 0.69875375528654859 0.20312999686189023 0.73416114883494765 1.4228438040849138 1.1991902515938599 0.47235277768644907 0.42469787589409758 0.65015190637649767 0.76343673331755479 0.8250704576403064 0.74458241329087549 0.40463152136726377 0.099439056715956292 0.54140940178709862 0.78540272603167249 0.69837623751772748 0.35198619078600535 0.035938189804967234 0.24802176273150703 0.31330180070387709 0.25246531177359616 0.22876446662867103 0.26334354278295213 0.10401101353596587 0.10373203259665018 0.029066632869220239 0.21843194352851519 0.39218434244886202 0.47613605533027203 0.48364922695050039 0.42880286905347775 0.19512183837834859 0.34358891138928693 0.69495126029527143 0.77947738366474117 0.293950652337157 0.12642277699941498 0.3491634741501759 0.77793231886272962 0.9010094305576809 0.65199800883657133 0.32822744427394912 0.26226757451255894 0.5726832553701009 0.84735937606749645 0.85802908176054071 0.52588150158435143 0.45272314548655851 0.62568530146554546 0.69867063760304582 0.5067979288717378 0.23655653813139813 0.15359967310216729 0.23766709064335911 0.30083570379708252 0.38449058464877628 0.41425063722854288 0.26602485664984887 0.18193685775076915 0.18198361517008926 0.16111071965555096 0.15320284935621781 0.19084248958285166 0.25817350673636336 0.27541116999210169 0.14195855142950978 0.14839151450323679 0.42464888969089298 0.51447843629404388 0.15586709552735212 0.11532471839384149 0.15503030285712505 0.40513711043653944 0.58906116968477429 0.59733153991107912 0.38439170711074899 0.42434733777406175 0.60738581504176226 0.760783993690059 0.089164902526350079 0.090572151912368046 0.4197813113384361 0.5820871622549354 0.53087568777251481 0.34037879834312768 0.13104130206119535 0.18321894536172559 0.37820757211151584 0.51096117888658643 0.4805966467340308 0.25071773653298052 0.10922141203154548 0.30335108797163857 0.33821692842420314 0.25944021670329231 0.17606748651534462 0.15179717823166969 0.065911464958329682 0.066242036985341771 0.18204281067835187 0.25514249198729261 0.062142718902168131 0.061851003894042668 0.035283344436653208 0.13270213509582818 0.23564095716226113 0.31563246995759414 0.31713413120615475 0.19191377354040814 0.065632910483885434 0.30337906423319522 0.44679736692254829 0.43044805370980693 0.278097750255478 0.05366769531193049 0.19018949776872282 0.37323520917905934 0.44574257988819832 0.38431106270694959 0.2085325130950241 0.044495397815492083 0.2829212571120453 0.45678217918379072 0.48170506233649879 0.32429277494731379 0.22506539963600136 0.31967598569703209 0.36872800451643034 0.3032796480868204 0.20073215783185244 0.12150946215212956 0.18618161194448685 0.23314502813709814 0.27580416072801783 0.23264664360350165 0.15487764472580356 0.15497959457391106 0.13470489937514082 0.12958459903975283 0.15561442811984297 0.16533046015806338 0.053037995201585406 0.023868050781503829 0.12248760498582514 0.20967109392956346 0.22840470295337248 0.10001091025819454 0.060249394736950956 0.069856062250949175 0.18474863519995541 0.28087003066687932 0.3070115206882984 0.22397320911708377 0.051676556120492163 0.18363627621102507 0.34205489841368469 0.3843325849070468 0.29845481192845735 0.2441288086151549 0.26483378804114066 0.34402790430771313 0.31572728859260779 0.19947837306062285 0.056886136043896321 0.16594095371805531 0.3010927292055342 0.35011135663765619 0.27710858016842715 0.11781652554152097 0.14250705667014216 0.24861701966666044 0.25842087736874686 0.20983725402365255 0.16013491990297155 0.12911457472241739 0.13529102305223512 0.16207780223125753 0.19019505039993262 0.17389907108181923 0.10165985693990187 0.10163674272197115


